-0.342145 0.746781 0.830883
-0.0621449 1.16135 1.05545
-0.379898 0.666756 0.830883
0.506053 0.404697 0.336844
0.141471 1.09331 0.920708
-0.0462527 1.1688 1.05545
0.440206 0.538484 0.673689
0.421398 0.578221 0.673689
0.26357 0.904014 0.920708
-0.0258334 1.17519 1.16773
-0.113513 1.12295 1.05545
0.364567 0.699416 0.673689
-0.00453886 1.17801 1.16773
-0.0838475 1.14775 1.05545
0.427353 0.565595 0.673689
-0.210471 0.996878 1.05545
-0.496895 0.42263 0.42667
0.0961269 1.13834 1.16773
0.406495 0.609947 0.673689
0.337328 0.756866 0.673689
-0.339674 0.751959 0.830883
-0.00261101 1.17807 1.16773
0.0205664 1.17625 1.16773
0.082339 1.14882 1.16773
-0.435161 0.5491 0.42667
0.123832 1.1127 1.16773
0.59742 0.243262 0.336844
0.507935 0.401045 0.336844
0.536096 0.347863 0.336844
-0.0674845 1.15837 1.05545
-0.696979 0.11334 0.157194
0.00159204 1.17809 1.16773
0.251851 0.92566 0.920708
-0.0445416 1.16947 1.16773
-0.066341 1.15903 1.05545
-0.121554 1.11503 1.05545
-0.157671 1.07351 1.05545
-0.0842219 1.14748 1.05545
-0.206388 1.00341 1.05545
-0.00335545 1.17805 1.16773
-0.288331 0.856482 0.830883
-0.388257 0.648901 0.830883
-0.202923 1.00888 1.05545
-0.393451 0.637805 0.830883
0.04152 1.1706 1.16773
-0.153117 1.07926 1.05545
-0.340521 0.750186 0.830883
0.34719 0.736183 0.673689
0.166455 1.06201 0.920708
0.118038 1.11855 1.16773
-0.624579 0.202622 0.157194
0.290735 0.85175 0.920708
0.703831 0.10637 0.0449126
-0.105669 1.13019 1.05545
-0.138584 1.09664 1.05545
-0.213288 0.992312 1.05545
-0.521503 0.375067 0.42667
0.125196 1.11128 1.16773
0.0431598 1.17 1.16773
-0.000902166 1.17809 1.16773
-0.0109967 1.17757 1.16773
0.268156 0.895387 0.920708
-0.324473 0.783564 0.830883
0.198433 1.01587 0.920708
-0.0237478 1.17564 1.16773
0.0238956 1.17561 1.16773
-0.275812 0.880799 0.830883
0.4348 0.549861 0.673689
0.553726 0.316106 0.336844
0.315456 0.802082 0.673689
0.177807 1.04638 0.920708
0.00720224 1.17787 1.16773
-0.636065 0.186578 0.157194
0.068204 1.15795 1.16773
0.2799 0.872919 0.920708
0.23043 0.963611 0.920708
0.143725 1.09067 0.920708
0.304923 0.823458 0.920708
0.144416 1.08985 0.920708
0.324893 0.782698 0.673689
-0.352134 0.725759 0.830883
-0.0574435 1.16378 1.05545
-0.360586 0.707869 0.830883
-0.341093 0.748988 0.830883
-0.212427 0.993712 1.05545
0.0403796 1.171 1.16773
-0.254102 0.921548 0.830883
0.355511 0.71862 0.673689
-0.412921 0.596249 0.42667
-0.559461 0.306054 0.42667
0.375983 0.675108 0.673689
-0.410855 0.60065 0.42667
0.133827 1.10199 0.920708
0.0267938 1.17497 1.16773
-0.0885053 1.14433 1.05545
0.208696 0.999731 0.920708
-0.123806 1.11272 1.05545
-0.089478 1.14359 1.05545
-0.0680492 1.15804 1.05545
-0.0586683 1.16316 1.05545
-0.0393732 1.17135 1.16773
0.034611 1.17288 1.16773
0.165106 1.06381 0.920708
-0.0387778 1.17155 1.16773
0.382789 0.660583 0.673689
-0.0710501 1.15625 1.05545
0.28449 0.864002 0.920708
-0.132674 1.10327 1.05545
0.0891346 1.14385 1.16773
-0.337099 0.757344 0.830883
-0.205111 1.00544 1.05545
0.079483 1.1508 1.16773
0.196016 1.01958 0.920708
-0.41909 0.583123 0.42667
0.462451 0.492174 0.673689
-0.407457 0.607896 0.42667
-0.378752 0.6692 0.830883
-0.291929 0.849392 0.830883
-0.0315165 1.17377 1.16773
-0.0471313 1.16844 1.05545
-0.220846 0.979851 1.05545
0.0581501 1.16342 1.16773
-0.134447 1.10131 1.05545
-0.324582 0.78334 0.830883
-0.56072 0.303866 0.42667
-0.193973 1.02269 1.05545
0.297392 0.83855 0.920708
-0.379472 0.667665 0.830883
-0.105283 1.13053 1.05545
0.0746468 1.154 1.16773
0.533755 0.352172 0.336844
-0.255638 0.918729 0.830883
0.486597 0.443095 0.673689
-0.155867 1.07581 1.05545
-0.560243 0.304695 0.42667
0.493168 0.430001 0.336844
0.185134 1.03585 0.920708
0.193511 1.02339 0.920708
0.481044 0.454253 0.673689
-0.388842 0.647652 0.830883
-0.0544293 1.16523 1.05545
-0.304729 0.823849 0.830883
-0.403241 0.616891 0.42667
0.123547 1.11299 1.16773
-0.0239417 1.1756 1.16773
-0.632376 0.191654 0.157194
-0.0665725 1.1589 1.05545
0.0195711 1.17643 1.16773
0.463686 0.489631 0.673689
-0.304478 0.824353 0.830883
-0.503608 0.409459 0.42667
0.305583 0.822126 0.920708
-0.229882 0.964552 0.830883
0.557905 0.308767 0.336844
-0.452428 0.512929 0.42667
0.162813 1.06684 0.920708
-0.126864 1.10953 1.05545
0.124713 1.11178 1.16773
0.21741 0.985556 0.920708
0.0380485 1.1718 1.16773
-0.240075 0.946796 0.830883
0.267251 0.897095 0.920708
0.112054 1.12433 1.16773
0.33959 0.752135 0.673689
0.471286 0.474052 0.673689
-0.757869 0.0602733 0.157194
-0.0110501 1.17756 1.16773
-0.416565 0.588491 0.42667
0.0611055 1.1619 1.16773
-0.203921 1.00731 1.05545
-0.0522034 1.16626 1.05545
-0.40135 0.62093 0.830883
-0.0845874 1.14722 1.05545
-0.335677 0.760313 0.830883
-0.418888 0.583553 0.42667
-0.467075 0.482668 0.42667
-0.412936 0.596216 0.42667
0.471922 0.472755 0.673689
-0.323062 0.786474 0.830883
0.350749 0.728683 0.673689
0.174077 1.05161 0.920708
0.348369 0.733698 0.673689
0.32386 0.78483 0.673689
-0.386936 0.651724 0.830883
-0.46894 0.478847 0.42667
0.0614082 1.16174 1.16773
0.111268 1.12507 1.16773
-0.268051 0.895585 0.830883
0.0291969 1.17438 1.16773
0.525548 0.367447 0.336844
0.556427 0.311354 0.336844
0.845244 0.0164295 0.0449126
-0.275319 0.881746 0.830883
-0.354472 0.720818 0.830883
-0.145084 1.08906 1.05545
0.460259 0.496695 0.673689
0.167749 1.06027 0.920708
-0.0278642 1.17472 1.16773
0.0431379 1.17001 1.16773
-0.618908 0.210797 0.157194
0.231244 0.962209 0.920708
0.251139 0.926957 0.920708
-0.416088 0.589506 0.42667
0.342717 0.745583 0.673689
-0.399859 0.624114 0.830883
-0.19162 1.02624 1.05545
0.529245 0.360535 0.336844
-0.23264 0.959798 0.830883
-0.186404 1.03399 1.05545
0.0583767 1.16331 1.16773
0.356862 0.71576 0.673689
0.244752 0.938479 0.920708
-0.212086 0.994266 1.05545
-0.0548089 1.16506 1.05545
-0.0330211 1.17335 1.16773
0.309601 0.814001 0.920708
-0.0464204 1.16873 1.05545
0.226406 0.970488 0.920708
0.521487 0.375097 0.336844
0.222321 0.977383 0.920708
0.18042 1.04266 0.920708
0.395798 0.632789 0.673689
0.016872 1.17686 1.16773
0.511608 0.393951 0.336844
0.588881 0.256799 0.336844
-0.636338 0.186204 0.157194
0.0254145 1.17528 1.16773
0.394063 0.636496 0.673689
0.166565 1.06186 0.920708
0.0403708 1.17101 1.16773
0.0288258 1.17448 1.16773
-0.298561 0.83622 0.830883
0.00480805 1.178 1.16773
-0.261937 0.907065 0.830883
0.354269 0.721248 0.673689
0.21274 0.993204 0.920708
0.255012 0.919879 0.920708
0.040106 1.1711 1.16773
0.276908 0.878692 0.920708
-0.124472 1.11203 1.05545
0.160266 1.07017 0.920708
0.428803 0.562527 0.673689
-0.261807 0.907308 0.830883
0.170089 1.0571 0.920708
-0.396662 0.630943 0.830883
-0.0643688 1.16014 1.05545
0.200609 1.0125 0.920708
0.495114 0.426147 0.336844
0.0182412 1.17665 1.16773
-0.188384 1.03106 1.05545
