3
-0.99 4.56549e-06
-0.98 3.65104e-05
-0.97 0.000123147
-0.96 0.000291651
-0.95 0.000568998
-0.94 0.000981895
-0.93 0.00155671
-0.92 0.00231942
-0.91 0.00329553
-0.9 0.00451002
-0.89 0.00598728
-0.88 0.00775104
-0.87 0.00982434
-0.86 0.0122294
-0.85 0.0149878
-0.84 0.0181199
-0.83 0.0216454
-0.82 0.025583
-0.81 0.0299503
-0.8 0.0347639
-0.79 0.0400391
-0.78 0.0457902
-0.77 0.0520303
-0.76 0.0587713
-0.75 0.0660237
-0.74 0.0737969
-0.73 0.0820987
-0.72 0.0909358
-0.71 0.100313
-0.7 0.110235
-0.69 0.120704
-0.68 0.131721
-0.67 0.143286
-0.66 0.155396
-0.65 0.168049
-0.64 0.18124
-0.63 0.194963
-0.62 0.20921
-0.61 0.223973
-0.6 0.239242
-0.59 0.255004
-0.58 0.271247
-0.57 0.287957
-0.56 0.305117
-0.55 0.322711
-0.54 0.340722
-0.53 0.359129
-0.52 0.377912
-0.51 0.39705
-0.5 0.41652
-0.49 0.436298
-0.48 0.45636
-0.47 0.47668
-0.46 0.497231
-0.45 0.517986
-0.44 0.538916
-0.43 0.559994
-0.42 0.58119
-0.41 0.602473
-0.4 0.623813
-0.39 0.645178
-0.38 0.666538
-0.37 0.687859
-0.36 0.709112
-0.35 0.730262
-0.34 0.751277
-0.33 0.772125
-0.32 0.792774
-0.31 0.813191
-0.3 0.833343
-0.29 0.853199
-0.28 0.872726
-0.27 0.891893
-0.26 0.91067
-0.25 0.929025
-0.24 0.946928
-0.23 0.96435
-0.22 0.981262
-0.21 0.997636
-0.2 1.01344
-0.19 1.02866
-0.18 1.04326
-0.17 1.05722
-0.16 1.07051
-0.15 1.08312
-0.14 1.09501
-0.13 1.10618
-0.12 1.1166
-0.11 1.12625
-0.1 1.13512
-0.09 1.14319
-0.08 1.15045
-0.07 1.15688
-0.06 1.16248
-0.05 1.16724
-0.04 1.17114
-0.03 1.17418
-0.02 1.17635
-0.01 1.17766
7.5287e-16 1.1781
0.01 1.17766
0.02 1.17635
0.03 1.17418
0.04 1.17114
0.05 1.16724
0.06 1.16248
0.07 1.15688
0.08 1.15045
0.09 1.14319
0.1 1.13512
0.11 1.12625
0.12 1.1166
0.13 1.10618
0.14 1.09501
0.15 1.08312
0.16 1.07051
0.17 1.05722
0.18 1.04326
0.19 1.02866
0.2 1.01344
0.21 0.997636
0.22 0.981262
0.23 0.96435
0.24 0.946928
0.25 0.929025
0.26 0.91067
0.27 0.891893
0.28 0.872726
0.29 0.853199
0.3 0.833343
0.31 0.813191
0.32 0.792774
0.33 0.772125
0.34 0.751277
0.35 0.730262
0.36 0.709112
0.37 0.687859
0.38 0.666538
0.39 0.645178
0.4 0.623813
0.41 0.602473
0.42 0.58119
0.43 0.559994
0.44 0.538916
0.45 0.517986
0.46 0.497231
0.47 0.47668
0.48 0.45636
0.49 0.436298
0.5 0.41652
0.51 0.39705
0.52 0.377912
0.53 0.359129
0.54 0.340722
0.55 0.322711
0.56 0.305117
0.57 0.287957
0.58 0.271247
0.59 0.255004
0.6 0.239242
0.61 0.223973
0.62 0.20921
0.63 0.194963
0.64 0.18124
0.65 0.168049
0.66 0.155396
0.67 0.143286
0.68 0.131721
0.69 0.120704
0.7 0.110235
0.71 0.100313
0.72 0.0909358
0.73 0.0820987
0.74 0.0737969
0.75 0.0660237
0.76 0.0587713
0.77 0.0520303
0.78 0.0457902
0.79 0.0400391
0.8 0.0347639
0.81 0.0299503
0.82 0.025583
0.83 0.0216454
0.84 0.0181199
0.85 0.0149878
0.86 0.0122294
0.87 0.00982434
0.88 0.00775104
0.89 0.00598728
0.9 0.00451002
0.91 0.00329553
0.92 0.00231942
0.93 0.00155671
0.94 0.000981895
0.95 0.000568998
0.96 0.000291651
0.97 0.000123147
0.98 3.65104e-05
0.99 4.56549e-06
