2 5 0.3
4.7 3.0046e-30
4.7006 3.28986e-05
4.7012 0.000131593
4.7018 0.000296079
4.7024 0.000526351
4.703 0.000822399
4.7036 0.00118421
4.7042 0.00161178
4.7048 0.00210507
4.7054 0.00266408
4.706 0.00328879
4.7066 0.00397916
4.7072 0.00473517
4.7078 0.00555679
4.7084 0.00644398
4.709 0.00739673
4.7096 0.00841497
4.7102 0.00949868
4.7108 0.0106478
4.7114 0.0118623
4.712 0.0131422
4.7126 0.0144873
4.7132 0.0158976
4.7138 0.0173731
4.7144 0.0189138
4.715 0.0205194
4.7156 0.0221901
4.7162 0.0239257
4.7168 0.0257261
4.7174 0.0275913
4.718 0.0295212
4.7186 0.0315158
4.7192 0.0335749
4.7198 0.0356985
4.7204 0.0378865
4.721 0.0401387
4.7216 0.0424552
4.7222 0.0448358
4.7228 0.0472804
4.7234 0.049789
4.724 0.0523614
4.7246 0.0549975
4.7252 0.0576973
4.7258 0.0604605
4.7264 0.0632872
4.727 0.0661772
4.7276 0.0691304
4.7282 0.0721466
4.7288 0.0752258
4.7294 0.0783678
4.73 0.0815725
4.7306 0.0848398
4.7312 0.0881695
4.7318 0.0915615
4.7324 0.0950158
4.733 0.0985321
4.7336 0.10211
4.7342 0.10575
4.7348 0.109452
4.7354 0.113215
4.736 0.117039
4.7366 0.120925
4.7372 0.124871
4.7378 0.128879
4.7384 0.132947
4.739 0.137076
4.7396 0.141265
4.7402 0.145514
4.7408 0.149823
4.7414 0.154193
4.742 0.158622
4.7426 0.16311
4.7432 0.167658
4.7438 0.172265
4.7444 0.176931
4.745 0.181656
4.7456 0.186439
4.7462 0.191281
4.7468 0.196181
4.7474 0.201139
4.748 0.206156
4.7486 0.211229
4.7492 0.21636
4.7498 0.221549
4.7504 0.226794
4.751 0.232097
4.7516 0.237456
4.7522 0.242871
4.7528 0.248343
4.7534 0.25387
4.754 0.259453
4.7546 0.265092
4.7552 0.270787
4.7558 0.276536
4.7564 0.28234
4.757 0.288199
4.7576 0.294112
4.7582 0.30008
4.7588 0.306101
4.7594 0.312176
4.76 0.318305
4.7606 0.324487
4.7612 0.330722
4.7618 0.337009
4.7624 0.343349
4.763 0.349742
4.7636 0.356186
4.7642 0.362682
4.7648 0.369229
4.7654 0.375828
4.766 0.382478
4.7666 0.389178
4.7672 0.395929
4.7678 0.40273
4.7684 0.409581
4.769 0.416482
4.7696 0.423431
4.7702 0.43043
4.7708 0.437478
4.7714 0.444574
4.772 0.451719
4.7726 0.458911
4.7732 0.466152
4.7738 0.473439
4.7744 0.480774
4.775 0.488155
4.7756 0.495583
4.7762 0.503058
4.7768 0.510578
4.7774 0.518144
4.778 0.525755
4.7786 0.533411
4.7792 0.541112
4.7798 0.548857
4.7804 0.556647
4.781 0.56448
4.7816 0.572357
4.7822 0.580277
4.7828 0.58824
4.7834 0.596246
4.784 0.604293
4.7846 0.612383
4.7852 0.620514
4.7858 0.628687
4.7864 0.636901
4.787 0.645155
4.7876 0.65345
4.7882 0.661784
4.7888 0.670158
4.7894 0.678572
4.79 0.687025
4.7906 0.695516
4.7912 0.704045
4.7918 0.712613
4.7924 0.721218
4.793 0.729861
4.7936 0.738541
4.7942 0.747257
4.7948 0.756009
4.7954 0.764798
4.796 0.773622
4.7966 0.782481
4.7972 0.791376
4.7978 0.800304
4.7984 0.809267
4.799 0.818264
4.7996 0.827295
4.8002 0.836358
4.8008 0.845454
4.8014 0.854583
4.802 0.863744
4.8026 0.872936
4.8032 0.88216
4.8038 0.891415
4.8044 0.9007
4.805 0.910016
4.8056 0.919361
4.8062 0.928736
4.8068 0.93814
4.8074 0.947573
4.808 0.957035
4.8086 0.966524
4.8092 0.976041
4.8098 0.985585
4.8104 0.995156
4.811 1.00475
4.8116 1.01438
4.8122 1.02403
4.8128 1.0337
4.8134 1.0434
4.814 1.05313
4.8146 1.06287
4.8152 1.07265
4.8158 1.08244
4.8164 1.09226
4.817 1.1021
4.8176 1.11197
4.8182 1.12185
4.8188 1.13176
4.8194 1.14169
4.82 1.15164
4.8206 1.16161
4.8212 1.1716
4.8218 1.18161
4.8224 1.19163
4.823 1.20168
4.8236 1.21175
4.8242 1.22183
4.8248 1.23193
4.8254 1.24205
4.826 1.25218
4.8266 1.26233
4.8272 1.2725
4.8278 1.28268
4.8284 1.29288
4.829 1.30309
4.8296 1.31332
4.8302 1.32356
4.8308 1.33382
4.8314 1.34408
4.832 1.35436
4.8326 1.36466
4.8332 1.37496
4.8338 1.38528
4.8344 1.3956
4.835 1.40594
4.8356 1.41629
4.8362 1.42665
4.8368 1.43702
4.8374 1.44739
4.838 1.45778
4.8386 1.46817
4.8392 1.47857
4.8398 1.48898
4.8404 1.4994
4.841 1.50982
4.8416 1.52025
4.8422 1.53068
4.8428 1.54112
4.8434 1.55157
4.844 1.56202
4.8446 1.57247
4.8452 1.58293
4.8458 1.59339
4.8464 1.60385
4.847 1.61432
4.8476 1.62478
4.8482 1.63525
4.8488 1.64572
4.8494 1.65619
4.85 1.66667
4.8506 1.67714
4.8512 1.68761
4.8518 1.69808
4.8524 1.70855
4.853 1.71902
4.8536 1.72948
4.8542 1.73995
4.8548 1.75041
4.8554 1.76086
4.856 1.77132
4.8566 1.78177
4.8572 1.79221
4.8578 1.80265
4.8584 1.81309
4.859 1.82351
4.8596 1.83394
4.8602 1.84435
4.8608 1.85476
4.8614 1.86516
4.862 1.87556
4.8626 1.88594
4.8632 1.89632
4.8638 1.90668
4.8644 1.91704
4.865 1.92739
4.8656 1.93773
4.8662 1.94806
4.8668 1.95837
4.8674 1.96868
4.868 1.97897
4.8686 1.98925
4.8692 1.99952
4.8698 2.00977
4.8704 2.02001
4.871 2.03024
4.8716 2.04045
4.8722 2.05065
4.8728 2.06083
4.8734 2.071
4.874 2.08115
4.8746 2.09128
4.8752 2.1014
4.8758 2.1115
4.8764 2.12159
4.877 2.13165
4.8776 2.1417
4.8782 2.15173
4.8788 2.16174
4.8794 2.17173
4.88 2.18169
4.8806 2.19164
4.8812 2.20157
4.8818 2.21148
4.8824 2.22137
4.883 2.23123
4.8836 2.24107
4.8842 2.25089
4.8848 2.26069
4.8854 2.27046
4.886 2.28021
4.8866 2.28993
4.8872 2.29963
4.8878 2.30931
4.8884 2.31896
4.889 2.32858
4.8896 2.33818
4.8902 2.34775
4.8908 2.35729
4.8914 2.36681
4.892 2.3763
4.8926 2.38576
4.8932 2.39519
4.8938 2.4046
4.8944 2.41397
4.895 2.42332
4.8956 2.43263
4.8962 2.44192
4.8968 2.45117
4.8974 2.4604
4.898 2.46959
4.8986 2.47875
4.8992 2.48788
4.8998 2.49698
4.9004 2.50604
4.901 2.51507
4.9016 2.52407
4.9022 2.53303
4.9028 2.54196
4.9034 2.55085
4.904 2.55971
4.9046 2.56854
4.9052 2.57732
4.9058 2.58608
4.9064 2.59479
4.907 2.60347
4.9076 2.61211
4.9082 2.62072
4.9088 2.62929
4.9094 2.63782
4.91 2.64631
4.9106 2.65476
4.9112 2.66317
4.9118 2.67155
4.9124 2.67988
4.913 2.68818
4.9136 2.69643
4.9142 2.70465
4.9148 2.71282
4.9154 2.72095
4.916 2.72904
4.9166 2.73709
4.9172 2.74509
4.9178 2.75306
4.9184 2.76098
4.919 2.76885
4.9196 2.77669
4.9202 2.78448
4.9208 2.79222
4.9214 2.79992
4.922 2.80758
4.9226 2.81519
4.9232 2.82276
4.9238 2.83028
4.9244 2.83775
4.925 2.84518
4.9256 2.85256
4.9262 2.85989
4.9268 2.86718
4.9274 2.87442
4.928 2.88161
4.9286 2.88876
4.9292 2.89586
4.9298 2.9029
4.9304 2.9099
4.931 2.91685
4.9316 2.92375
4.9322 2.9306
4.9328 2.9374
4.9334 2.94416
4.934 2.95086
4.9346 2.95751
4.9352 2.9641
4.9358 2.97065
4.9364 2.97715
4.937 2.98359
4.9376 2.98998
4.9382 2.99632
4.9388 3.00261
4.9394 3.00885
4.94 3.01503
4.9406 3.02116
4.9412 3.02723
4.9418 3.03325
4.9424 3.03922
4.943 3.04513
4.9436 3.05099
4.9442 3.0568
4.9448 3.06255
4.9454 3.06824
4.946 3.07388
4.9466 3.07946
4.9472 3.08499
4.9478 3.09046
4.9484 3.09588
4.949 3.10124
4.9496 3.10654
4.9502 3.11178
4.9508 3.11697
4.9514 3.1221
4.952 3.12718
4.9526 3.13219
4.9532 3.13715
4.9538 3.14205
4.9544 3.14689
4.955 3.15168
4.9556 3.1564
4.9562 3.16107
4.9568 3.16568
4.9574 3.17022
4.958 3.17471
4.9586 3.17914
4.9592 3.18351
4.9598 3.18782
4.9604 3.19207
4.961 3.19626
4.9616 3.20039
4.9622 3.20445
4.9628 3.20846
4.9634 3.21241
4.964 3.21629
4.9646 3.22012
4.9652 3.22388
4.9658 3.22758
4.9664 3.23122
4.967 3.2348
4.9676 3.23832
4.9682 3.24177
4.9688 3.24516
4.9694 3.24849
4.97 3.25176
4.9706 3.25497
4.9712 3.25811
4.9718 3.26119
4.9724 3.2642
4.973 3.26716
4.9736 3.27005
4.9742 3.27287
4.9748 3.27564
4.9754 3.27834
4.976 3.28097
4.9766 3.28354
4.9772 3.28605
4.9778 3.2885
4.9784 3.29088
4.979 3.29319
4.9796 3.29545
4.9802 3.29763
4.9808 3.29976
4.9814 3.30182
4.982 3.30381
4.9826 3.30574
4.9832 3.30761
4.9838 3.30941
4.9844 3.31114
4.985 3.31281
4.9856 3.31442
4.9862 3.31596
4.9868 3.31744
4.9874 3.31885
4.988 3.32019
4.9886 3.32147
4.9892 3.32269
4.9898 3.32383
4.9904 3.32492
4.991 3.32594
4.9916 3.32689
4.9922 3.32778
4.9928 3.3286
4.9934 3.32935
4.994 3.33004
4.9946 3.33067
4.9952 3.33123
4.9958 3.33172
4.9964 3.33215
4.997 3.33251
4.9976 3.33281
4.9982 3.33304
4.9988 3.3332
4.9994 3.3333
5 3.33333
5.0006 3.3333
5.0012 3.3332
5.0018 3.33304
5.0024 3.33281
5.003 3.33251
5.0036 3.33215
5.0042 3.33172
5.0048 3.33123
5.0054 3.33067
5.006 3.33004
5.0066 3.32935
5.0072 3.3286
5.0078 3.32778
5.0084 3.32689
5.009 3.32594
5.0096 3.32492
5.0102 3.32383
5.0108 3.32269
5.0114 3.32147
5.012 3.32019
5.0126 3.31885
5.0132 3.31744
5.0138 3.31596
5.0144 3.31442
5.015 3.31281
5.0156 3.31114
5.0162 3.30941
5.0168 3.30761
5.0174 3.30574
5.018 3.30381
5.0186 3.30182
5.0192 3.29976
5.0198 3.29763
5.0204 3.29545
5.021 3.29319
5.0216 3.29088
5.0222 3.2885
5.0228 3.28605
5.0234 3.28354
5.024 3.28097
5.0246 3.27834
5.0252 3.27564
5.0258 3.27287
5.0264 3.27005
5.027 3.26716
5.0276 3.2642
5.0282 3.26119
5.0288 3.25811
5.0294 3.25497
5.03 3.25176
5.0306 3.24849
5.0312 3.24516
5.0318 3.24177
5.0324 3.23832
5.033 3.2348
5.0336 3.23122
5.0342 3.22758
5.0348 3.22388
5.0354 3.22012
5.036 3.21629
5.0366 3.21241
5.0372 3.20846
5.0378 3.20445
5.0384 3.20039
5.039 3.19626
5.0396 3.19207
5.0402 3.18782
5.0408 3.18351
5.0414 3.17914
5.042 3.17471
5.0426 3.17022
5.0432 3.16568
5.0438 3.16107
5.0444 3.1564
5.045 3.15168
5.0456 3.14689
5.0462 3.14205
5.0468 3.13715
5.0474 3.13219
5.048 3.12718
5.0486 3.1221
5.0492 3.11697
5.0498 3.11178
5.0504 3.10654
5.051 3.10124
5.0516 3.09588
5.0522 3.09046
5.0528 3.08499
5.0534 3.07946
5.054 3.07388
5.0546 3.06824
5.0552 3.06255
5.0558 3.0568
5.0564 3.05099
5.057 3.04513
5.0576 3.03922
5.0582 3.03325
5.0588 3.02723
5.0594 3.02116
5.06 3.01503
5.0606 3.00885
5.0612 3.00261
5.0618 2.99632
5.0624 2.98998
5.063 2.98359
5.0636 2.97715
5.0642 2.97065
5.0648 2.9641
5.0654 2.95751
5.066 2.95086
5.0666 2.94416
5.0672 2.9374
5.0678 2.9306
5.0684 2.92375
5.069 2.91685
5.0696 2.9099
5.0702 2.9029
5.0708 2.89586
5.0714 2.88876
5.072 2.88161
5.0726 2.87442
5.0732 2.86718
5.0738 2.85989
5.0744 2.85256
5.075 2.84518
5.0756 2.83775
5.0762 2.83028
5.0768 2.82276
5.0774 2.81519
5.078 2.80758
5.0786 2.79992
5.0792 2.79222
5.0798 2.78448
5.0804 2.77669
5.081 2.76885
5.0816 2.76098
5.0822 2.75306
5.0828 2.74509
5.0834 2.73709
5.084 2.72904
5.0846 2.72095
5.0852 2.71282
5.0858 2.70465
5.0864 2.69643
5.087 2.68818
5.0876 2.67988
5.0882 2.67155
5.0888 2.66317
5.0894 2.65476
5.09 2.64631
5.0906 2.63782
5.0912 2.62929
5.0918 2.62072
5.0924 2.61211
5.093 2.60347
5.0936 2.59479
5.0942 2.58608
5.0948 2.57732
5.0954 2.56854
5.096 2.55971
5.0966 2.55085
5.0972 2.54196
5.0978 2.53303
5.0984 2.52407
5.099 2.51507
5.0996 2.50604
5.1002 2.49698
5.1008 2.48788
5.1014 2.47875
5.102 2.46959
5.1026 2.4604
5.1032 2.45117
5.1038 2.44192
5.1044 2.43263
5.105 2.42332
5.1056 2.41397
5.1062 2.4046
5.1068 2.39519
5.1074 2.38576
5.108 2.3763
5.1086 2.36681
5.1092 2.35729
5.1098 2.34775
5.1104 2.33818
5.111 2.32858
5.1116 2.31896
5.1122 2.30931
5.1128 2.29963
5.1134 2.28993
5.114 2.28021
5.1146 2.27046
5.1152 2.26069
5.1158 2.25089
5.1164 2.24107
5.117 2.23123
5.1176 2.22137
5.1182 2.21148
5.1188 2.20157
5.1194 2.19164
5.12 2.18169
5.1206 2.17173
5.1212 2.16174
5.1218 2.15173
5.1224 2.1417
5.123 2.13165
5.1236 2.12159
5.1242 2.1115
5.1248 2.1014
5.1254 2.09128
5.126 2.08115
5.1266 2.071
5.1272 2.06083
5.1278 2.05065
5.1284 2.04045
5.129 2.03024
5.1296 2.02001
5.1302 2.00977
5.1308 1.99952
5.1314 1.98925
5.132 1.97897
5.1326 1.96868
5.1332 1.95837
5.1338 1.94806
5.1344 1.93773
5.135 1.92739
5.1356 1.91704
5.1362 1.90668
5.1368 1.89632
5.1374 1.88594
5.138 1.87556
5.1386 1.86516
5.1392 1.85476
5.1398 1.84435
5.1404 1.83394
5.141 1.82351
5.1416 1.81309
5.1422 1.80265
5.1428 1.79221
5.1434 1.78177
5.144 1.77132
5.1446 1.76086
5.1452 1.75041
5.1458 1.73995
5.1464 1.72948
5.147 1.71902
5.1476 1.70855
5.1482 1.69808
5.1488 1.68761
5.1494 1.67714
5.15 1.66667
5.1506 1.65619
5.1512 1.64572
5.1518 1.63525
5.1524 1.62478
5.153 1.61432
5.1536 1.60385
5.1542 1.59339
5.1548 1.58293
5.1554 1.57247
5.156 1.56202
5.1566 1.55157
5.1572 1.54112
5.1578 1.53068
5.1584 1.52025
5.159 1.50982
5.1596 1.4994
5.1602 1.48898
5.1608 1.47857
5.1614 1.46817
5.162 1.45778
5.1626 1.44739
5.1632 1.43702
5.1638 1.42665
5.1644 1.41629
5.165 1.40594
5.1656 1.3956
5.1662 1.38528
5.1668 1.37496
5.1674 1.36466
5.168 1.35436
5.1686 1.34408
5.1692 1.33382
5.1698 1.32356
5.1704 1.31332
5.171 1.30309
5.1716 1.29288
5.1722 1.28268
5.1728 1.2725
5.1734 1.26233
5.174 1.25218
5.1746 1.24205
5.1752 1.23193
5.1758 1.22183
5.1764 1.21175
5.177 1.20168
5.1776 1.19163
5.1782 1.18161
5.1788 1.1716
5.1794 1.16161
5.18 1.15164
5.1806 1.14169
5.1812 1.13176
5.1818 1.12185
5.1824 1.11197
5.183 1.1021
5.1836 1.09226
5.1842 1.08244
5.1848 1.07265
5.1854 1.06287
5.186 1.05313
5.1866 1.0434
5.1872 1.0337
5.1878 1.02403
5.1884 1.01438
5.189 1.00475
5.1896 0.995156
5.1902 0.985585
5.1908 0.976041
5.1914 0.966524
5.192 0.957035
5.1926 0.947573
5.1932 0.93814
5.1938 0.928736
5.1944 0.919361
5.195 0.910016
5.1956 0.9007
5.1962 0.891415
5.1968 0.88216
5.1974 0.872936
5.198 0.863744
5.1986 0.854583
5.1992 0.845454
5.1998 0.836358
5.2004 0.827295
5.201 0.818264
5.2016 0.809267
5.2022 0.800304
5.2028 0.791376
5.2034 0.782481
5.204 0.773622
5.2046 0.764798
5.2052 0.756009
5.2058 0.747257
5.2064 0.738541
5.207 0.729861
5.2076 0.721218
5.2082 0.712613
5.2088 0.704045
5.2094 0.695516
5.21 0.687025
5.2106 0.678572
5.2112 0.670158
5.2118 0.661784
5.2124 0.65345
5.213 0.645155
5.2136 0.636901
5.2142 0.628687
5.2148 0.620514
5.2154 0.612383
5.216 0.604293
5.2166 0.596246
5.2172 0.58824
5.2178 0.580277
5.2184 0.572357
5.219 0.56448
5.2196 0.556647
5.2202 0.548857
5.2208 0.541112
5.2214 0.533411
5.222 0.525755
5.2226 0.518144
5.2232 0.510578
5.2238 0.503058
5.2244 0.495583
5.225 0.488155
5.2256 0.480774
5.2262 0.473439
5.2268 0.466152
5.2274 0.458911
5.228 0.451719
5.2286 0.444574
5.2292 0.437478
5.2298 0.43043
5.2304 0.423431
5.231 0.416482
5.2316 0.409581
5.2322 0.40273
5.2328 0.395929
5.2334 0.389178
5.234 0.382478
5.2346 0.375828
5.2352 0.369229
5.2358 0.362682
5.2364 0.356186
5.237 0.349742
5.2376 0.343349
5.2382 0.337009
5.2388 0.330722
5.2394 0.324487
5.24 0.318305
5.2406 0.312176
5.2412 0.306101
5.2418 0.30008
5.2424 0.294112
5.243 0.288199
5.2436 0.28234
5.2442 0.276536
5.2448 0.270787
5.2454 0.265092
5.246 0.259453
5.2466 0.25387
5.2472 0.248343
5.2478 0.242871
5.2484 0.237456
5.249 0.232097
5.2496 0.226794
5.2502 0.221549
5.2508 0.21636
5.2514 0.211229
5.252 0.206156
5.2526 0.201139
5.2532 0.196181
5.2538 0.191281
5.2544 0.186439
5.255 0.181656
5.2556 0.176931
5.2562 0.172265
5.2568 0.167658
5.2574 0.16311
5.258 0.158622
5.2586 0.154193
5.2592 0.149823
5.2598 0.145514
5.2604 0.141265
5.261 0.137076
5.2616 0.132947
5.2622 0.128879
5.2628 0.124871
5.2634 0.120925
5.264 0.117039
5.2646 0.113215
5.2652 0.109452
5.2658 0.10575
5.2664 0.10211
5.267 0.0985321
5.2676 0.0950158
5.2682 0.0915615
5.2688 0.0881695
5.2694 0.0848398
5.27 0.0815725
5.2706 0.0783678
5.2712 0.0752258
5.2718 0.0721466
5.2724 0.0691304
5.273 0.0661772
5.2736 0.0632872
5.2742 0.0604605
5.2748 0.0576973
5.2754 0.0549975
5.276 0.0523614
5.2766 0.049789
5.2772 0.0472804
5.2778 0.0448358
5.2784 0.0424552
5.279 0.0401387
5.2796 0.0378865
5.2802 0.0356985
5.2808 0.0335749
5.2814 0.0315158
5.282 0.0295212
5.2826 0.0275913
5.2832 0.0257261
5.2838 0.0239257
5.2844 0.0221901
5.285 0.0205194
5.2856 0.0189138
5.2862 0.0173731
5.2868 0.0158976
5.2874 0.0144873
5.288 0.0131422
5.2886 0.0118623
5.2892 0.0106478
5.2898 0.00949868
5.2904 0.00841497
5.291 0.00739673
5.2916 0.00644398
5.2922 0.00555679
5.2928 0.00473517
5.2934 0.00397916
5.294 0.00328879
5.2946 0.00266408
5.2952 0.00210507
5.2958 0.00161178
5.2964 0.00118421
5.297 0.000822399
5.2976 0.000526351
5.2982 0.000296079
5.2988 0.000131593
