2 -3 1.5 0.5 2 0.5 0.3
-4.499 5.11757e-07
-4.492 3.27517e-05
-4.485 0.000115136
-4.478 0.000247647
-4.471 0.000430256
-4.464 0.000662923
-4.457 0.0009456
-4.45 0.00127822
-4.443 0.00166073
-4.436 0.00209302
-4.429 0.00257502
-4.422 0.00310661
-4.415 0.00368769
-4.408 0.00431813
-4.401 0.00499779
-4.394 0.00572653
-4.387 0.00650418
-4.38 0.0073306
-4.373 0.00820558
-4.366 0.00912896
-4.359 0.0101005
-4.352 0.0111201
-4.345 0.0121874
-4.338 0.0133022
-4.331 0.0144643
-4.324 0.0156735
-4.317 0.0169295
-4.31 0.0182319
-4.303 0.0195806
-4.296 0.0209753
-4.289 0.0224156
-4.282 0.0239012
-4.275 0.0254318
-4.268 0.0270071
-4.261 0.0286268
-4.254 0.0302905
-4.247 0.0319978
-4.24 0.0337483
-4.233 0.0355418
-4.226 0.0373778
-4.219 0.0392559
-4.212 0.0411757
-4.205 0.0431368
-4.198 0.0451388
-4.191 0.0471813
-4.184 0.0492638
-4.177 0.0513858
-4.17 0.0535469
-4.163 0.0557467
-4.156 0.0579846
-4.149 0.0602603
-4.142 0.0625731
-4.135 0.0649226
-4.128 0.0673083
-4.121 0.0697298
-4.114 0.0721863
-4.107 0.0746775
-4.1 0.0772029
-4.093 0.0797617
-4.086 0.0823536
-4.079 0.0849779
-4.072 0.0876342
-4.065 0.0903217
-4.058 0.09304
-4.051 0.0957884
-4.044 0.0985664
-4.037 0.101373
-4.03 0.104209
-4.023 0.107072
-4.016 0.109962
-4.009 0.112879
-4.002 0.115821
-3.995 0.118789
-3.988 0.121782
-3.981 0.124798
-3.974 0.127838
-3.967 0.1309
-3.96 0.133985
-3.953 0.137091
-3.946 0.140217
-3.939 0.143364
-3.932 0.14653
-3.925 0.149714
-3.918 0.152917
-3.911 0.156136
-3.904 0.159373
-3.897 0.162625
-3.89 0.165893
-3.883 0.169175
-3.876 0.17247
-3.869 0.175779
-3.862 0.1791
-3.855 0.182433
-3.848 0.185777
-3.841 0.189131
-3.834 0.192495
-3.827 0.195867
-3.82 0.199247
-3.813 0.202635
-3.806 0.206029
-3.799 0.209429
-3.792 0.212835
-3.785 0.216244
-3.778 0.219658
-3.771 0.223074
-3.764 0.226493
-3.757 0.229913
-3.75 0.233333
-3.743 0.236754
-3.736 0.240174
-3.729 0.243593
-3.722 0.247009
-3.715 0.250422
-3.708 0.253832
-3.701 0.257237
-3.694 0.260637
-3.687 0.264032
-3.68 0.267419
-3.673 0.2708
-3.666 0.274172
-3.659 0.277536
-3.652 0.28089
-3.645 0.284233
-3.638 0.287566
-3.631 0.290888
-3.624 0.294196
-3.617 0.297492
-3.61 0.300774
-3.603 0.304042
-3.596 0.307294
-3.589 0.31053
-3.582 0.31375
-3.575 0.316953
-3.568 0.320137
-3.561 0.323303
-3.554 0.326449
-3.547 0.329576
-3.54 0.332682
-3.533 0.335766
-3.526 0.338829
-3.519 0.341869
-3.512 0.344885
-3.505 0.347878
-3.498 0.350845
-3.491 0.353788
-3.484 0.356705
-3.477 0.359595
-3.47 0.362458
-3.463 0.365293
-3.456 0.3681
-3.449 0.370878
-3.442 0.373627
-3.435 0.376345
-3.428 0.379033
-3.421 0.381689
-3.414 0.384313
-3.407 0.386905
-3.4 0.389464
-3.393 0.391989
-3.386 0.39448
-3.379 0.396937
-3.372 0.399358
-3.365 0.401744
-3.358 0.404094
-3.351 0.406406
-3.344 0.408682
-3.337 0.41092
-3.33 0.41312
-3.323 0.415281
-3.316 0.417403
-3.309 0.419485
-3.302 0.421528
-3.295 0.42353
-3.288 0.425491
-3.281 0.427411
-3.274 0.429289
-3.267 0.431125
-3.26 0.432918
-3.253 0.434669
-3.246 0.436376
-3.239 0.43804
-3.232 0.43966
-3.225 0.441235
-3.218 0.442765
-3.211 0.444251
-3.204 0.445691
-3.197 0.447086
-3.19 0.448435
-3.183 0.449737
-3.176 0.450993
-3.169 0.452202
-3.162 0.453364
-3.155 0.454479
-3.148 0.455547
-3.141 0.456566
-3.134 0.457538
-3.127 0.458461
-3.12 0.459336
-3.113 0.460162
-3.106 0.46094
-3.099 0.461669
-3.092 0.462349
-3.085 0.462979
-3.078 0.46356
-3.071 0.464092
-3.064 0.464574
-3.057 0.465006
-3.05 0.465388
-3.043 0.465721
-3.036 0.466004
-3.029 0.466236
-3.022 0.466419
-3.015 0.466552
-3.008 0.466634
-3.001 0.466666
-2.994 0.466648
-2.987 0.46658
-2.98 0.466462
-2.973 0.466294
-2.966 0.466075
-2.959 0.465807
-2.952 0.465489
-2.945 0.46512
-2.938 0.464702
-2.931 0.464234
-2.924 0.463717
-2.917 0.46315
-2.91 0.462534
-2.903 0.461868
-2.896 0.461153
-2.889 0.46039
-2.882 0.459577
-2.875 0.458716
-2.868 0.457806
-2.861 0.456849
-2.854 0.455843
-2.847 0.454789
-2.84 0.453688
-2.833 0.452539
-2.826 0.451343
-2.819 0.450101
-2.812 0.448812
-2.805 0.447476
-2.798 0.446095
-2.791 0.444667
-2.784 0.443195
-2.777 0.441677
-2.77 0.440114
-2.763 0.438507
-2.756 0.436856
-2.749 0.435161
-2.742 0.433423
-2.735 0.431642
-2.728 0.429818
-2.721 0.427952
-2.714 0.426044
-2.707 0.424094
-2.7 0.422104
-2.693 0.420073
-2.686 0.418002
-2.679 0.415891
-2.672 0.413741
-2.665 0.411552
-2.658 0.409325
-2.651 0.40706
-2.644 0.404758
-2.637 0.402419
-2.63 0.400044
-2.623 0.397632
-2.616 0.395186
-2.609 0.392704
-2.602 0.390189
-2.595 0.387639
-2.588 0.385057
-2.581 0.382442
-2.574 0.379795
-2.567 0.377116
-2.56 0.374406
-2.553 0.371667
-2.546 0.368897
-2.539 0.366098
-2.532 0.363271
-2.525 0.360416
-2.518 0.357533
-2.511 0.354624
-2.504 0.351689
-2.497 0.348728
-2.49 0.345743
-2.483 0.342733
-2.476 0.3397
-2.469 0.336644
-2.462 0.333565
-2.455 0.330466
-2.448 0.327345
-2.441 0.324204
-2.434 0.321044
-2.427 0.317864
-2.42 0.314667
-2.413 0.311452
-2.406 0.30822
-2.399 0.304972
-2.392 0.301709
-2.385 0.298431
-2.378 0.295139
-2.371 0.291834
-2.364 0.288516
-2.357 0.285187
-2.35 0.281846
-2.343 0.278495
-2.336 0.275134
-2.329 0.271764
-2.322 0.268386
-2.315 0.265
-2.308 0.261608
-2.301 0.258209
-2.294 0.254805
-2.287 0.251397
-2.28 0.247984
-2.273 0.244569
-2.266 0.241151
-2.259 0.237731
-2.252 0.234311
-2.245 0.23089
-2.238 0.22747
-2.231 0.224051
-2.224 0.220634
-2.217 0.217219
-2.21 0.213809
-2.203 0.210402
-2.196 0.207
-2.189 0.203604
-2.182 0.200214
-2.175 0.196832
-2.168 0.193457
-2.161 0.190091
-2.154 0.186734
-2.147 0.183388
-2.14 0.180051
-2.133 0.176727
-2.126 0.173414
-2.119 0.170115
-2.112 0.166829
-2.105 0.163557
-2.098 0.1603
-2.091 0.157059
-2.084 0.153835
-2.077 0.150627
-2.07 0.147438
-2.063 0.144266
-2.056 0.141114
-2.049 0.137982
-2.042 0.13487
-2.035 0.131779
-2.028 0.128711
-2.021 0.125664
-2.014 0.122641
-2.007 0.119642
-2 0.116667
-1.993 0.113717
-1.986 0.110793
-1.979 0.107895
-1.972 0.105024
-1.965 0.102181
-1.958 0.0993654
-1.951 0.0965791
-1.944 0.0938222
-1.937 0.0910952
-1.93 0.0883989
-1.923 0.0857336
-1.916 0.0831001
-1.909 0.0804989
-1.902 0.0779306
-1.895 0.0753956
-1.888 0.0728946
-1.881 0.0704281
-1.874 0.0679966
-1.867 0.0656006
-1.86 0.0632407
-1.853 0.0609173
-1.846 0.058631
-1.839 0.0563822
-1.832 0.0541715
-1.825 0.0519993
-1.818 0.049866
-1.811 0.0477722
-1.804 0.0457183
-1.797 0.0437047
-1.79 0.0417319
-1.783 0.0398002
-1.776 0.0379101
-1.769 0.0360621
-1.762 0.0342564
-1.755 0.0324935
-1.748 0.0307738
-1.741 0.0290977
-1.734 0.0274654
-1.727 0.0258774
-1.72 0.0243339
-1.713 0.0228354
-1.706 0.0213821
-1.699 0.0199744
-1.692 0.0186126
-1.685 0.0172969
-1.678 0.0160276
-1.671 0.014805
-1.664 0.0136294
-1.657 0.0125011
-1.65 0.0114201
-1.643 0.0103869
-1.636 0.00940164
-1.629 0.00846448
-1.622 0.00757564
-1.615 0.00673533
-1.608 0.00594373
-1.601 0.005201
-1.594 0.0045073
-1.587 0.00386279
-1.58 0.00326759
-1.573 0.00272185
-1.566 0.00222567
-1.559 0.00177916
-1.552 0.00138242
-1.545 0.00103554
-1.538 0.000738588
-1.531 0.000491626
-1.524 0.00029471
-1.517 0.000147882
-1.51 5.11739e-05
-1.503 4.6058e-06
-1.496 0
-1.489 0
-1.482 0
-1.475 0
-1.468 0
-1.461 0
-1.454 0
-1.447 0
-1.44 0
-1.433 0
-1.426 0
-1.419 0
-1.412 0
-1.405 0
-1.398 0
-1.391 0
-1.384 0
-1.377 0
-1.37 0
-1.363 0
-1.356 0
-1.349 0
-1.342 0
-1.335 0
-1.328 0
-1.321 0
-1.314 0
-1.307 0
-1.3 0
-1.293 0
-1.286 0
-1.279 0
-1.272 0
-1.265 0
-1.258 0
-1.251 0
-1.244 0
-1.237 0
-1.23 0
-1.223 0
-1.216 0
-1.209 0
-1.202 0
-1.195 0
-1.188 0
-1.181 0
-1.174 0
-1.167 0
-1.16 0
-1.153 0
-1.146 0
-1.139 0
-1.132 0
-1.125 0
-1.118 0
-1.111 0
-1.104 0
-1.097 0
-1.09 0
-1.083 0
-1.076 0
-1.069 0
-1.062 0
-1.055 0
-1.048 0
-1.041 0
-1.034 0
-1.027 0
-1.02 0
-1.013 0
-1.006 0
-0.999 0
-0.992 0
-0.985 0
-0.978 0
-0.971 0
-0.964 0
-0.957 0
-0.95 0
-0.943 0
-0.936 0
-0.929 0
-0.922 0
-0.915 0
-0.908 0
-0.901 0
-0.894 0
-0.887 0
-0.88 0
-0.873 0
-0.866 0
-0.859 0
-0.852 0
-0.845 0
-0.838 0
-0.831 0
-0.824 0
-0.817 0
-0.81 0
-0.803 0
-0.796 0
-0.789 0
-0.782 0
-0.775 0
-0.768 0
-0.761 0
-0.754 0
-0.747 0
-0.74 0
-0.733 0
-0.726 0
-0.719 0
-0.712 0
-0.705 0
-0.698 0
-0.691 0
-0.684 0
-0.677 0
-0.67 0
-0.663 0
-0.656 0
-0.649 0
-0.642 0
-0.635 0
-0.628 0
-0.621 0
-0.614 0
-0.607 0
-0.6 0
-0.593 0
-0.586 0
-0.579 0
-0.572 0
-0.565 0
-0.558 0
-0.551 0
-0.544 0
-0.537 0
-0.53 0
-0.523 0
-0.516 0
-0.509 0
-0.502 0
-0.495 0
-0.488 0
-0.481 0
-0.474 0
-0.467 0
-0.46 0
-0.453 0
-0.446 0
-0.439 0
-0.432 0
-0.425 0
-0.418 0
-0.411 0
-0.404 0
-0.397 0
-0.39 0
-0.383 0
-0.376 0
-0.369 0
-0.362 0
-0.355 0
-0.348 0
-0.341 0
-0.334 0
-0.327 0
-0.32 0
-0.313 0
-0.306 0
-0.299 0
-0.292 0
-0.285 0
-0.278 0
-0.271 0
-0.264 0
-0.257 0
-0.25 0
-0.243 0
-0.236 0
-0.229 0
-0.222 0
-0.215 0
-0.208 0
-0.201 0
-0.194 0
-0.187 0
-0.18 0
-0.173 0
-0.166 0
-0.159 0
-0.152 0
-0.145 0
-0.138 0
-0.131 0
-0.124 0
-0.117 0
-0.11 0
-0.103 0
-0.096 0
-0.089 0
-0.082 0
-0.075 0
-0.068 0
-0.061 0
-0.054 0
-0.047 0
-0.04 0
-0.033 0
-0.026 0
-0.019 0
-0.012 0
-0.005 0
0.002 0
0.009 0
0.016 0
0.023 0
0.03 0
0.037 0
0.044 0
0.051 0
0.058 0
0.065 0
0.072 0
0.079 0
0.086 0
0.093 0
0.1 0
0.107 0
0.114 0
0.121 0
0.128 0
0.135 0
0.142 0
0.149 0
0.156 0
0.163 0
0.17 0
0.177 0
0.184 0
0.191 0
0.198 0
0.205 0
0.212 0
0.219 0
0.226 0
0.233 0
0.24 0
0.247 0
0.254 0
0.261 0
0.268 0
0.275 0
0.282 0
0.289 0
0.296 0
0.303 0
0.31 0
0.317 0
0.324 0
0.331 0
0.338 0
0.345 0
0.352 0
0.359 0
0.366 0
0.373 0
0.38 0
0.387 0
0.394 0
0.401 0
0.408 0
0.415 0
0.422 0
0.429 0
0.436 0
0.443 0
0.45 0
0.457 0
0.464 0
0.471 0
0.478 0
0.485 0
0.492 0
0.499 0
0.506 0
0.513 0
0.52 0
0.527 0
0.534 0
0.541 0
0.548 0
0.555 0
0.562 0
0.569 0
0.576 0
0.583 0
0.59 0
0.597 0
0.604 0
0.611 0
0.618 0
0.625 0
0.632 0
0.639 0
0.646 0
0.653 0
0.66 0
0.667 0
0.674 0
0.681 0
0.688 0
0.695 0
0.702 0
0.709 0
0.716 0
0.723 0
0.73 0
0.737 0
0.744 0
0.751 0
0.758 0
0.765 0
0.772 0
0.779 0
0.786 0
0.793 0
0.8 0
0.807 0
0.814 0
0.821 0
0.828 0
0.835 0
0.842 0
0.849 0
0.856 0
0.863 0
0.87 0
0.877 0
0.884 0
0.891 0
0.898 0
0.905 0
0.912 0
0.919 0
0.926 0
0.933 0
0.94 0
0.947 0
0.954 0
0.961 0
0.968 0
0.975 0
0.982 0
0.989 0
0.996 0
1.003 0
1.01 0
1.017 0
1.024 0
1.031 0
1.038 0
1.045 0
1.052 0
1.059 0
1.066 0
1.073 0
1.08 0
1.087 0
1.094 0
1.101 0
1.108 0
1.115 0
1.122 0
1.129 0
1.136 0
1.143 0
1.15 0
1.157 0
1.164 0
1.171 0
1.178 0
1.185 0
1.192 0
1.199 0
1.206 0
1.213 0
1.22 0
1.227 0
1.234 0
1.241 0
1.248 0
1.255 0
1.262 0
1.269 0
1.276 0
1.283 0
1.29 0
1.297 0
1.304 0
1.311 0
1.318 0
1.325 0
1.332 0
1.339 0
1.346 0
1.353 0
1.36 0
1.367 0
1.374 0
1.381 0
1.388 0
1.395 0
1.402 0
1.409 0
1.416 0
1.423 0
1.43 0
1.437 0
1.444 0
1.451 0
1.458 0
1.465 0
1.472 0
1.479 0
1.486 0
1.493 0
1.5 0
1.507 0.058323
1.514 0.0824712
1.521 0.100986
1.528 0.116576
1.535 0.130288
1.542 0.14266
1.549 0.15401
1.556 0.164544
1.563 0.174405
1.57 0.183698
1.577 0.1925
1.584 0.200873
1.591 0.208864
1.598 0.216511
1.605 0.223847
1.612 0.230897
1.619 0.237684
1.626 0.244227
1.633 0.250541
1.64 0.256641
1.647 0.262538
1.654 0.268244
1.661 0.273768
1.668 0.279117
1.675 0.284299
1.682 0.289322
1.689 0.294189
1.696 0.298907
1.703 0.303481
1.71 0.307915
1.717 0.312212
1.724 0.316377
1.731 0.320411
1.738 0.324319
1.745 0.328104
1.752 0.331766
1.759 0.335309
1.766 0.338735
1.773 0.342045
1.78 0.345242
1.787 0.348327
1.794 0.351301
1.801 0.354166
1.808 0.356922
1.815 0.359573
1.822 0.362117
1.829 0.364557
1.836 0.366893
1.843 0.369126
1.85 0.371256
1.857 0.373286
1.864 0.375214
1.871 0.377043
1.878 0.378772
1.885 0.380402
1.892 0.381933
1.899 0.383366
1.906 0.384702
1.913 0.38594
1.92 0.387081
1.927 0.388126
1.934 0.389074
1.941 0.389926
1.948 0.390682
1.955 0.391342
1.962 0.391906
1.969 0.392376
1.976 0.39275
1.983 0.393028
1.99 0.393212
1.997 0.3933
2.004 0.393293
2.011 0.393191
2.018 0.392994
2.025 0.392702
2.032 0.392314
2.039 0.391832
2.046 0.391253
2.053 0.390579
2.06 0.38981
2.067 0.388944
2.074 0.387982
2.081 0.386924
2.088 0.385769
2.095 0.384517
2.102 0.383167
2.109 0.38172
2.116 0.380175
2.123 0.378531
2.13 0.376788
2.137 0.374945
2.144 0.373002
2.151 0.370958
2.158 0.368813
2.165 0.366565
2.172 0.364215
2.179 0.36176
2.186 0.3592
2.193 0.356535
2.2 0.353763
2.207 0.350883
2.214 0.347893
2.221 0.344792
2.228 0.341579
2.235 0.338253
2.242 0.33481
2.249 0.33125
2.256 0.32757
2.263 0.323769
2.27 0.319843
2.277 0.31579
2.284 0.311607
2.291 0.30729
2.298 0.302837
2.305 0.298242
2.312 0.293503
2.319 0.288614
2.326 0.283569
2.333 0.278363
2.34 0.27299
2.347 0.267441
2.354 0.261708
2.361 0.255782
2.368 0.249652
2.375 0.243306
2.382 0.23673
2.389 0.229906
2.396 0.222817
2.403 0.215438
2.41 0.207744
2.417 0.199701
2.424 0.191271
2.431 0.182402
2.438 0.173033
2.445 0.163083
2.452 0.152442
2.459 0.140961
2.466 0.128421
2.473 0.11448
2.48 0.0985554
2.487 0.079473
2.494 0.0539972
