0.0189822 0.00240489
0.239367 0.00240489
0.239367 0.0136126
0.459751 0.0136126
0.459751 0.0494136
0.680136 0.0494136
0.680136 0.11371
0.900521 0.11371
0.900521 0.201829
1.12091 0.201829
1.12091 0.318216
1.34129 0.318216
1.34129 0.443906
1.56167 0.443906
1.56167 0.541735
1.78206 0.541735
1.78206 0.599452
2.00244 0.599452
2.00244 0.594415
2.22283 0.594415
2.22283 0.539648
2.44321 0.539648
2.44321 0.434422
2.6636 0.434422
2.6636 0.317264
2.88398 0.317264
2.88398 0.196565
3.10437 0.196565
3.10437 0.110988
3.32475 0.110988
3.32475 0.0442408
3.54514 0.0442408
3.54514 0.0132042
3.76552 0.0132042
3.76552 0.00249564
3.9859 0.00249564
