0.0134641 0.00185259
0.234776 0.00185259
0.234776 0.0138718
0.456088 0.0138718
0.456088 0.0467666
0.677399 0.0467666
0.677399 0.111969
0.898711 0.111969
0.898711 0.199718
1.12002 0.199718
1.12002 0.320182
1.34133 0.320182
1.34133 0.446068
1.56265 0.446068
1.56265 0.54299
1.78396 0.54299
1.78396 0.59563
2.00527 0.59563
2.00527 0.594546
2.22658 0.594546
2.22658 0.538426
2.44789 0.538426
2.44789 0.435765
2.66921 0.435765
2.66921 0.315076
2.89052 0.315076
2.89052 0.195064
3.11183 0.195064
3.11183 0.105146
3.33314 0.105146
3.33314 0.0412088
3.55445 0.0412088
3.55445 0.0122
3.77576 0.0122
3.77576 0.00203333
3.99708 0.00203333
