4.92772 2.87828 3.39595
5.16766 1.36015 1.35838
5.06955 2.91047 3.09409
4.88434 2.2532 1.96211
4.94537 3.06796 3.39595
5.00823 3.32715 3.77328
5.02014 3.2964 3.77328
4.76664 0.389671 0.67919
4.93292 2.9387 3.39595
4.9919 3.32735 3.77328
4.93028 2.90847 3.39595
4.87954 2.17404 1.96211
5.03789 3.20385 3.09409
5.03947 3.19295 3.09409
5.05731 3.04208 3.09409
5.02949 3.25447 3.09409
4.84515 1.5821 1.13198
4.95504 3.15199 3.39595
5.08454 2.72171 2.71676
5.01735 3.30591 3.77328
5.11176 2.31638 2.71676
4.99281 3.32861 3.77328
5.01326 3.3173 3.77328
4.97455 3.27449 3.77328
5.06393 2.97357 3.09409
5.00946 3.32516 3.77328
5.06518 2.95996 3.09409
5.02601 3.27188 3.09409
5.09461 2.58012 2.71676
5.00758 3.32808 3.77328
5.09834 2.5249 2.71676
4.76038 0.322202 0.67919
4.87566 2.10913 1.96211
4.98358 3.30875 3.77328
5.23555 0.365358 0.754656
5.00529 3.33078 3.77328
5.08336 2.73762 2.71676
5.02787 3.26287 3.09409
5.22323 0.510158 0.754656
4.97625 3.28204 3.77328
4.95595 3.1591 3.39595
4.93667 2.98001 3.39595
4.76661 0.389275 0.67919
5.0035 3.33222 3.77328
4.96118 3.19751 3.39595
5.07169 2.8853 3.09409
4.99542 3.33141 3.77328
4.85626 1.77588 1.13198
4.83933 1.48088 1.13198
5.17619 1.21528 1.35838
5.01547 3.31152 3.77328
5.07832 2.80349 2.71676
4.9715 3.25966 3.77328
5.04222 3.17304 3.09409
5.04735 3.13257 3.09409
5.17192 1.28751 1.35838
5.14245 1.79828 1.35838
5.15365 1.60301 1.35838
4.95653 3.16363 3.39595
5.23111 0.415215 0.754656
5.11802 2.21452 2.71676
5.02417 3.28024 3.09409
5.07692 2.82119 2.71676
4.96776 3.23926 3.39595
5.00989 3.3244 3.77328
4.99573 3.33166 3.77328
4.92786 2.87998 3.39595
5.22067 0.542763 0.754656
5.12238 2.14202 2.71676
5.09557 2.56599 2.71676
5.06913 2.9153 3.09409
4.9246 2.84022 3.39595
4.92308 2.82122 3.39595
5.09243 2.61171 2.71676
5.00827 3.32709 3.77328
5.02134 3.2919 3.77328
4.81778 1.1149 1.13198
5.08636 2.697 2.71676
5.11287 2.29846 2.71676
4.94646 3.07817 3.39595
4.87312 2.06627 1.96211
5.10949 2.35269 2.71676
4.88482 2.26107 1.96211
5.01516 3.31238 3.77328
4.96925 3.24765 3.39595
5.06458 2.96648 3.09409
4.98456 3.3116 3.77328
4.89056 2.35354 1.96211
4.97531 3.27792 3.77328
5.15251 1.62279 1.35838
5.05552 3.05947 3.09409
4.97597 3.28086 3.77328
5.03305 3.2345 3.09409
5.04033 3.18687 3.09409
4.90171 2.52572 1.96211
4.84589 1.59488 1.13198
4.93721 2.98586 3.39595
5.15091 1.6507 1.35838
5.11507 2.26283 2.71676
5.18063 1.14113 1.35838
5.08561 2.7072 2.71676
4.90843 2.62397 1.96211
4.88103 2.19871 1.96211
5.23016 0.426204 0.754656
5.21425 0.627943 0.754656
5.04991 3.1108 3.09409
4.95149 3.12288 3.39595
4.83425 1.39299 1.13198
4.95747 3.17074 3.39595
5.16911 1.33536 1.35838
4.94696 3.08278 3.39595
4.94415 3.05631 3.39595
5.09772 2.53423 2.71676
4.98884 3.32197 3.77328
5.1908 0.976091 0.754656
5.07586 2.83456 3.09409
4.89439 2.41386 1.96211
5.0195 3.29869 3.77328
4.96599 3.22874 3.39595
4.83001 1.32037 1.13198
4.82028 1.15635 1.13198
4.95633 3.16209 3.39595
5.06942 2.91204 3.09409
5.0503 3.10742 3.09409
4.92517 2.84724 3.39595
5.05437 3.07036 3.09409
4.97603 3.28109 3.77328
5.11129 2.32401 2.71676
4.96711 3.23544 3.39595
5.0205 3.29507 3.77328
4.80776 0.953324 0.67919
4.93431 2.9543 3.39595
5.13171 1.98397 1.35838
4.88335 2.23696 1.96211
4.86558 1.93733 1.96211
4.92725 2.87261 3.39595
4.99605 3.33191 3.77328
5.10986 2.3468 2.71676
4.92166 2.80319 3.39595
4.87863 2.15883 1.96211
4.86372 1.90532 1.13198
4.98352 3.30858 3.77328
4.94729 3.0858 3.39595
4.97877 3.2923 3.77328
5.01189 3.32044 3.77328
4.97728 3.28638 3.77328
4.77816 0.527825 0.67919
5.13195 1.97986 1.35838
4.89332 2.39703 1.96211
5.08313 2.74071 2.71676
4.90459 2.56832 1.96211
5.04607 3.14313 3.09409
5.15643 1.55445 1.35838
5.03569 3.21829 3.09409
5.03872 3.19817 3.09409
5.14655 1.72692 1.35838
5.12088 2.16702 2.71676
5.16236 1.45151 1.35838
4.76522 0.373875 0.67919
5.06178 2.99651 3.09409
5.04164 3.17736 3.09409
5.08293 2.74342 2.71676
4.80225 0.867602 0.67919
4.88833 2.31789 1.96211
5.09783 2.53254 2.71676
4.87497 2.09754 1.96211
4.98397 3.30992 3.77328
5.06923 2.91421 3.09409
4.88579 2.27682 1.96211
5.08254 2.74855 2.71676
5.09725 2.5412 2.71676
5.07768 2.81158 2.71676
5.1095 2.35247 2.71676
4.75852 0.30324 0.67919
4.9432 3.04707 3.39595
5.20859 0.707054 0.754656
5.06282 2.98554 3.09409
4.83222 1.35822 1.13198
5.00761 3.32804 3.77328
4.96482 3.22149 3.39595
5.12738 2.05781 2.71676
4.97325 3.26839 3.77328
4.98792 3.32001 3.77328
5.06838 2.92393 3.09409
4.90033 2.50496 1.96211
5.05063 3.10448 3.09409
4.96908 3.24672 3.39595
4.96693 3.23436 3.39595
4.97192 3.26178 3.77328
4.85504 1.75466 1.13198
4.96908 3.24673 3.39595
4.98946 3.32319 3.77328
5.05491 3.06531 3.09409
4.94346 3.04959 3.39595
4.92556 2.85203 3.39595
4.99772 3.33286 3.77328
5.00333 3.33232 3.77328
5.13576 1.91428 1.35838
4.97036 3.25371 3.39595
4.81993 1.15054 1.13198
5.0382 3.20177 3.09409
4.97945 3.29491 3.77328
4.84784 1.62902 1.13198
5.14799 1.70173 1.35838
5.09373 2.59296 2.71676
5.15977 1.49637 1.35838
5.09671 2.54927 2.71676
4.93414 2.95241 3.39595
5.04034 3.18683 3.09409
5.04795 3.12757 3.09409
5.07693 2.82113 2.71676
4.95718 3.16854 3.39595
4.92433 2.83685 3.39595
4.98611 3.31573 3.77328
5.12549 2.08982 2.71676
4.98728 3.31856 3.77328
5.13289 1.96362 1.35838
4.84966 1.66067 1.13198
4.89278 2.38856 1.96211
5.02932 3.25538 3.09409
4.98578 3.3149 3.77328
5.02686 3.26786 3.09409
4.88685 2.29395 1.96211
4.9745 3.27426 3.77328
5.04253 3.17075 3.09409
4.9937 3.32971 3.77328
5.1133 2.2915 2.71676
5.04753 3.13109 3.09409
5.11097 2.329 2.71676
4.91588 2.72738 1.96211
4.78325 0.594277 0.67919
4.8274 1.27595 1.13198
4.91298 2.68791 1.96211
4.94031 3.01823 3.39595
4.9286 2.8887 3.39595
4.89296 2.3914 1.96211
5.12671 2.06918 2.71676
5.04772 3.12949 3.09409
5.08953 2.65291 2.71676
5.19614 0.892397 0.754656
4.9971 3.33256 3.77328
4.98858 3.32143 3.77328
5.21574 0.607814 0.754656
4.96602 3.22894 3.39595
4.89428 2.41206 1.96211
4.93206 2.92897 3.39595
5.0215 3.29129 3.77328
4.91055 2.654 1.96211
4.94053 3.02048 3.39595
4.91934 2.77324 3.39595
