-4.46827 0.0312562
-4.08115 0.0312562
-4.08115 0.168758
-3.69403 0.168758
-3.69403 0.345911
-3.3069 0.345911
-3.3069 0.452208
-2.91978 0.452208
-2.91978 0.423535
-2.53266 0.423535
-2.53266 0.275081
-2.14554 0.275081
-2.14554 0.100278
-1.75841 0.100278
-1.75841 0.00764615
-1.37129 0.00764615
-1.37129 0
-0.984167 0
-0.984167 0
-0.597044 0
-0.597044 0
-0.209921 0
-0.209921 0
0.177202 0
0.177202 0
0.564325 0
0.564325 0
0.951448 0
0.951448 0
1.33857 0
1.33857 0.130036
1.72569 0.130036
1.72569 0.3712
2.11282 0.3712
2.11282 0.277225
2.49994 0.277225
