4 2 2.2
-0.199 1.57509e-13
-0.1946 1.33929e-10
-0.1902 1.45276e-09
-0.1858 6.40366e-09
-0.1814 1.88497e-08
-0.177 4.40695e-08
-0.1726 8.87557e-08
-0.1682 1.61014e-07
-0.1638 2.70362e-07
-0.1594 4.27726e-07
-0.155 6.4544e-07
-0.1506 9.37243e-07
-0.1462 1.31828e-06
-0.1418 1.80508e-06
-0.1374 2.41559e-06
-0.133 3.16914e-06
-0.1286 4.08644e-06
-0.1242 5.1896e-06
-0.1198 6.50209e-06
-0.1154 8.04877e-06
-0.111 9.85588e-06
-0.1066 1.1951e-05
-0.1022 1.43631e-05
-0.0978 1.71225e-05
-0.0934 2.02608e-05
-0.089 2.3811e-05
-0.0846 2.78075e-05
-0.0802 3.22859e-05
-0.0758 3.72833e-05
-0.0714 4.28378e-05
-0.067 4.89891e-05
-0.0626 5.57782e-05
-0.0582 6.32471e-05
-0.0538 7.14395e-05
-0.0494 8.04e-05
-0.045 9.01746e-05
-0.0406 0.000100811
-0.0362 0.000112357
-0.0318 0.000124862
-0.0274 0.000138379
-0.023 0.000152958
-0.0186 0.000168653
-0.0142 0.000185519
-0.0098 0.000203612
-0.0054 0.000222989
-0.001 0.000243707
0.0034 0.000265826
0.0078 0.000289407
0.0122 0.00031451
0.0166 0.000341199
0.021 0.000369538
0.0254 0.00039959
0.0298 0.000431423
0.0342 0.000465103
0.0386 0.000500698
0.043 0.000538277
0.0474 0.00057791
0.0518 0.000619668
0.0562 0.000663624
0.0606 0.000709851
0.065 0.000758422
0.0694 0.000809412
0.0738 0.000862898
0.0782 0.000918956
0.0826 0.000977664
0.087 0.0010391
0.0914 0.00110335
0.0958 0.00117048
0.1002 0.00124058
0.1046 0.00131374
0.109 0.00139003
0.1134 0.00146953
0.1178 0.00155234
0.1222 0.00163854
0.1266 0.00172821
0.131 0.00182144
0.1354 0.00191832
0.1398 0.00201893
0.1442 0.00212337
0.1486 0.00223172
0.153 0.00234408
0.1574 0.00246053
0.1618 0.00258116
0.1662 0.00270607
0.1706 0.00283535
0.175 0.00296909
0.1794 0.00310739
0.1838 0.00325034
0.1882 0.00339802
0.1926 0.00355055
0.197 0.00370801
0.2014 0.0038705
0.2058 0.00403812
0.2102 0.00421095
0.2146 0.00438911
0.219 0.00457267
0.2234 0.00476176
0.2278 0.00495645
0.2322 0.00515685
0.2366 0.00536306
0.241 0.00557517
0.2454 0.00579329
0.2498 0.00601751
0.2542 0.00624793
0.2586 0.00648466
0.263 0.00672778
0.2674 0.0069774
0.2718 0.00723363
0.2762 0.00749655
0.2806 0.00776628
0.285 0.0080429
0.2894 0.00832652
0.2938 0.00861724
0.2982 0.00891516
0.3026 0.00922037
0.307 0.00953299
0.3114 0.0098531
0.3158 0.0101808
0.3202 0.0105162
0.3246 0.0108594
0.329 0.0112105
0.3334 0.0115696
0.3378 0.0119367
0.3422 0.0123121
0.3466 0.0126958
0.351 0.0130878
0.3554 0.0134883
0.3598 0.0138974
0.3642 0.0143152
0.3686 0.0147417
0.373 0.0151771
0.3774 0.0156215
0.3818 0.0160749
0.3862 0.0165375
0.3906 0.0170093
0.395 0.0174904
0.3994 0.017981
0.4038 0.0184811
0.4082 0.0189909
0.4126 0.0195103
0.417 0.0200395
0.4214 0.0205787
0.4258 0.0211278
0.4302 0.0216869
0.4346 0.0222562
0.439 0.0228358
0.4434 0.0234257
0.4478 0.024026
0.4522 0.0246368
0.4566 0.0252582
0.461 0.0258902
0.4654 0.026533
0.4698 0.0271866
0.4742 0.0278511
0.4786 0.0285266
0.483 0.0292132
0.4874 0.029911
0.4918 0.0306199
0.4962 0.0313402
0.5006 0.0320718
0.505 0.0328149
0.5094 0.0335694
0.5138 0.0343356
0.5182 0.0351135
0.5226 0.0359031
0.527 0.0367044
0.5314 0.0375177
0.5358 0.0383429
0.5402 0.03918
0.5446 0.0400293
0.549 0.0408907
0.5534 0.0417642
0.5578 0.04265
0.5622 0.0435481
0.5666 0.0444586
0.571 0.0453815
0.5754 0.0463169
0.5798 0.0472648
0.5842 0.0482253
0.5886 0.0491984
0.593 0.0501842
0.5974 0.0511827
0.6018 0.052194
0.6062 0.0532181
0.6106 0.0542551
0.615 0.055305
0.6194 0.0563678
0.6238 0.0574437
0.6282 0.0585325
0.6326 0.0596345
0.637 0.0607495
0.6414 0.0618777
0.6458 0.063019
0.6502 0.0641735
0.6546 0.0653412
0.659 0.0665222
0.6634 0.0677165
0.6678 0.0689241
0.6722 0.0701449
0.6766 0.0713792
0.681 0.0726268
0.6854 0.0738877
0.6898 0.0751621
0.6942 0.0764499
0.6986 0.0777511
0.703 0.0790657
0.7074 0.0803938
0.7118 0.0817353
0.7162 0.0830902
0.7206 0.0844587
0.725 0.0858405
0.7294 0.0872359
0.7338 0.0886447
0.7382 0.0900669
0.7426 0.0915026
0.747 0.0929517
0.7514 0.0944143
0.7558 0.0958903
0.7602 0.0973797
0.7646 0.0988825
0.769 0.100399
0.7734 0.101928
0.7778 0.103471
0.7822 0.105027
0.7866 0.106597
0.791 0.108179
0.7954 0.109775
0.7998 0.111385
0.8042 0.113007
0.8086 0.114643
0.813 0.116291
0.8174 0.117953
0.8218 0.119628
0.8262 0.121316
0.8306 0.123016
0.835 0.12473
0.8394 0.126456
0.8438 0.128196
0.8482 0.129948
0.8526 0.131713
0.857 0.13349
0.8614 0.13528
0.8658 0.137083
0.8702 0.138898
0.8746 0.140726
0.879 0.142565
0.8834 0.144418
0.8878 0.146282
0.8922 0.148159
0.8966 0.150047
0.901 0.151948
0.9054 0.153861
0.9098 0.155785
0.9142 0.157722
0.9186 0.15967
0.923 0.161629
0.9274 0.163601
0.9318 0.165583
0.9362 0.167577
0.9406 0.169583
0.945 0.171599
0.9494 0.173627
0.9538 0.175665
0.9582 0.177715
0.9626 0.179775
0.967 0.181846
0.9714 0.183928
0.9758 0.18602
0.9802 0.188123
0.9846 0.190235
0.989 0.192358
0.9934 0.194491
0.9978 0.196634
1.0022 0.198787
1.0066 0.20095
1.011 0.203122
1.0154 0.205303
1.0198 0.207494
1.0242 0.209695
1.0286 0.211904
1.033 0.214122
1.0374 0.216349
1.0418 0.218585
1.0462 0.22083
1.0506 0.223083
1.055 0.225344
1.0594 0.227613
1.0638 0.229891
1.0682 0.232176
1.0726 0.234469
1.077 0.23677
1.0814 0.239078
1.0858 0.241394
1.0902 0.243716
1.0946 0.246046
1.099 0.248383
1.1034 0.250726
1.1078 0.253076
1.1122 0.255433
1.1166 0.257795
1.121 0.260164
1.1254 0.262539
1.1298 0.264919
1.1342 0.267305
1.1386 0.269697
1.143 0.272094
1.1474 0.274496
1.1518 0.276902
1.1562 0.279314
1.1606 0.28173
1.165 0.284151
1.1694 0.286576
1.1738 0.289006
1.1782 0.291439
1.1826 0.293875
1.187 0.296316
1.1914 0.29876
1.1958 0.301207
1.2002 0.303657
1.2046 0.30611
1.209 0.308565
1.2134 0.311023
1.2178 0.313484
1.2222 0.315946
1.2266 0.318411
1.231 0.320877
1.2354 0.323345
1.2398 0.325814
1.2442 0.328284
1.2486 0.330756
1.253 0.333228
1.2574 0.3357
1.2618 0.338173
1.2662 0.340647
1.2706 0.34312
1.275 0.345593
1.2794 0.348066
1.2838 0.350538
1.2882 0.35301
1.2926 0.35548
1.297 0.35795
1.3014 0.360418
1.3058 0.362884
1.3102 0.365349
1.3146 0.367811
1.319 0.370272
1.3234 0.37273
1.3278 0.375186
1.3322 0.377638
1.3366 0.380088
1.341 0.382535
1.3454 0.384978
1.3498 0.387418
1.3542 0.389854
1.3586 0.392286
1.363 0.394713
1.3674 0.397137
1.3718 0.399555
1.3762 0.401969
1.3806 0.404378
1.385 0.406782
1.3894 0.40918
1.3938 0.411573
1.3982 0.413959
1.4026 0.41634
1.407 0.418714
1.4114 0.421082
1.4158 0.423444
1.4202 0.425798
1.4246 0.428145
1.429 0.430486
1.4334 0.432818
1.4378 0.435143
1.4422 0.43746
1.4466 0.439769
1.451 0.44207
1.4554 0.444362
1.4598 0.446645
1.4642 0.44892
1.4686 0.451185
1.473 0.453441
1.4774 0.455688
1.4818 0.457924
1.4862 0.460151
1.4906 0.462368
1.495 0.464575
1.4994 0.466771
1.5038 0.468956
1.5082 0.47113
1.5126 0.473293
1.517 0.475445
1.5214 0.477586
1.5258 0.479714
1.5302 0.481831
1.5346 0.483936
1.539 0.486028
1.5434 0.488108
1.5478 0.490176
1.5522 0.49223
1.5566 0.494271
1.561 0.4963
1.5654 0.498314
1.5698 0.500315
1.5742 0.502303
1.5786 0.504276
1.583 0.506235
1.5874 0.50818
1.5918 0.510111
1.5962 0.512026
1.6006 0.513927
1.605 0.515813
1.6094 0.517683
1.6138 0.519539
1.6182 0.521378
1.6226 0.523202
1.627 0.52501
1.6314 0.526801
1.6358 0.528577
1.6402 0.530336
1.6446 0.532078
1.649 0.533804
1.6534 0.535513
1.6578 0.537204
1.6622 0.538879
1.6666 0.540536
1.671 0.542175
1.6754 0.543797
1.6798 0.5454
1.6842 0.546986
1.6886 0.548554
1.693 0.550103
1.6974 0.551634
1.7018 0.553146
1.7062 0.554639
1.7106 0.556114
1.715 0.557569
1.7194 0.559005
1.7238 0.560422
1.7282 0.561819
1.7326 0.563197
1.737 0.564555
1.7414 0.565893
1.7458 0.567211
1.7502 0.568509
1.7546 0.569787
1.759 0.571044
1.7634 0.572281
1.7678 0.573497
1.7722 0.574693
1.7766 0.575868
1.781 0.577021
1.7854 0.578154
1.7898 0.579265
1.7942 0.580355
1.7986 0.581424
1.803 0.582471
1.8074 0.583497
1.8118 0.584501
1.8162 0.585483
1.8206 0.586443
1.825 0.587381
1.8294 0.588297
1.8338 0.589191
1.8382 0.590062
1.8426 0.590912
1.847 0.591739
1.8514 0.592543
1.8558 0.593325
1.8602 0.594084
1.8646 0.59482
1.869 0.595533
1.8734 0.596224
1.8778 0.596891
1.8822 0.597536
1.8866 0.598158
1.891 0.598756
1.8954 0.599331
1.8998 0.599883
1.9042 0.600412
1.9086 0.600917
1.913 0.601398
1.9174 0.601857
1.9218 0.602292
1.9262 0.602703
1.9306 0.603091
1.935 0.603455
1.9394 0.603795
1.9438 0.604112
1.9482 0.604404
1.9526 0.604674
1.957 0.604919
1.9614 0.60514
1.9658 0.605338
1.9702 0.605512
1.9746 0.605662
1.979 0.605788
1.9834 0.60589
1.9878 0.605969
1.9922 0.606023
1.9966 0.606053
2.001 0.60606
2.0054 0.606043
2.0098 0.606001
2.0142 0.605936
2.0186 0.605847
2.023 0.605734
2.0274 0.605597
2.0318 0.605436
2.0362 0.605251
2.0406 0.605043
2.045 0.60481
2.0494 0.604554
2.0538 0.604274
2.0582 0.603971
2.0626 0.603643
2.067 0.603292
2.0714 0.602917
2.0758 0.602519
2.0802 0.602097
2.0846 0.601651
2.089 0.601182
2.0934 0.60069
2.0978 0.600174
2.1022 0.599635
2.1066 0.599073
2.111 0.598487
2.1154 0.597878
2.1198 0.597246
2.1242 0.596591
2.1286 0.595913
2.133 0.595212
2.1374 0.594488
2.1418 0.593741
2.1462 0.592972
2.1506 0.59218
2.155 0.591365
2.1594 0.590528
2.1638 0.589669
2.1682 0.588787
2.1726 0.587883
2.177 0.586957
2.1814 0.586009
2.1858 0.585039
2.1902 0.584047
2.1946 0.583033
2.199 0.581998
2.2034 0.580941
2.2078 0.579862
2.2122 0.578763
2.2166 0.577642
2.221 0.576499
2.2254 0.575336
2.2298 0.574152
2.2342 0.572947
2.2386 0.571721
2.243 0.570475
2.2474 0.569209
2.2518 0.567922
2.2562 0.566615
2.2606 0.565287
2.265 0.56394
2.2694 0.562573
2.2738 0.561186
2.2782 0.55978
2.2826 0.558355
2.287 0.55691
2.2914 0.555446
2.2958 0.553963
2.3002 0.552461
2.3046 0.55094
2.309 0.549401
2.3134 0.547843
2.3178 0.546268
2.3222 0.544674
2.3266 0.543062
2.331 0.541432
2.3354 0.539785
2.3398 0.53812
2.3442 0.536437
2.3486 0.534738
2.353 0.533022
2.3574 0.531288
2.3618 0.529538
2.3662 0.527772
2.3706 0.525989
2.375 0.52419
2.3794 0.522375
2.3838 0.520544
2.3882 0.518697
2.3926 0.516835
2.397 0.514958
2.4014 0.513065
2.4058 0.511157
2.4102 0.509235
2.4146 0.507298
2.419 0.505347
2.4234 0.503381
2.4278 0.501401
2.4322 0.499408
2.4366 0.4974
2.441 0.495379
2.4454 0.493345
2.4498 0.491298
2.4542 0.489237
2.4586 0.487164
2.463 0.485079
2.4674 0.482981
2.4718 0.48087
2.4762 0.478748
2.4806 0.476614
2.485 0.474468
2.4894 0.472311
2.4938 0.470143
2.4982 0.467964
2.5026 0.465774
2.507 0.463573
2.5114 0.461362
2.5158 0.45914
2.5202 0.456909
2.5246 0.454668
2.529 0.452417
2.5334 0.450156
2.5378 0.447887
2.5422 0.445608
2.5466 0.443321
2.551 0.441025
2.5554 0.438721
2.5598 0.436408
2.5642 0.434087
2.5686 0.431759
2.573 0.429423
2.5774 0.427079
2.5818 0.424729
2.5862 0.422371
2.5906 0.420007
2.595 0.417636
2.5994 0.415259
2.6038 0.412875
2.6082 0.410486
2.6126 0.408091
2.617 0.40569
2.6214 0.403284
2.6258 0.400873
2.6302 0.398457
2.6346 0.396036
2.639 0.39361
2.6434 0.391181
2.6478 0.388747
2.6522 0.386309
2.6566 0.383868
2.661 0.381423
2.6654 0.378975
2.6698 0.376524
2.6742 0.37407
2.6786 0.371613
2.683 0.369154
2.6874 0.366692
2.6918 0.364229
2.6962 0.361763
2.7006 0.359296
2.705 0.356827
2.7094 0.354357
2.7138 0.351886
2.7182 0.349415
2.7226 0.346942
2.727 0.344469
2.7314 0.341996
2.7358 0.339523
2.7402 0.337049
2.7446 0.334576
2.749 0.332104
2.7534 0.329632
2.7578 0.327161
2.7622 0.324691
2.7666 0.322223
2.771 0.319756
2.7754 0.31729
2.7798 0.314827
2.7842 0.312365
2.7886 0.309906
2.793 0.307449
2.7974 0.304994
2.8018 0.302543
2.8062 0.300094
2.8106 0.297648
2.815 0.295206
2.8194 0.292767
2.8238 0.290332
2.8282 0.287901
2.8326 0.285474
2.837 0.28305
2.8414 0.280632
2.8458 0.278217
2.8502 0.275808
2.8546 0.273403
2.859 0.271003
2.8634 0.268609
2.8678 0.26622
2.8722 0.263836
2.8766 0.261459
2.881 0.259087
2.8854 0.256721
2.8898 0.254361
2.8942 0.252007
2.8986 0.24966
2.903 0.24732
2.9074 0.244986
2.9118 0.24266
2.9162 0.24034
2.9206 0.238028
2.925 0.235723
2.9294 0.233426
2.9338 0.231136
2.9382 0.228855
2.9426 0.226581
2.947 0.224315
2.9514 0.222058
2.9558 0.219808
2.9602 0.217568
2.9646 0.215336
2.969 0.213113
2.9734 0.210899
2.9778 0.208693
2.9822 0.206497
2.9866 0.204311
2.991 0.202133
2.9954 0.199966
2.9998 0.197807
3.0042 0.195659
3.0086 0.193521
3.013 0.191392
3.0174 0.189274
3.0218 0.187166
3.0262 0.185068
3.0306 0.18298
3.035 0.180904
3.0394 0.178837
3.0438 0.176782
3.0482 0.174737
3.0526 0.172704
3.057 0.170681
3.0614 0.16867
3.0658 0.16667
3.0702 0.164681
3.0746 0.162703
3.079 0.160737
3.0834 0.158783
3.0878 0.15684
3.0922 0.154909
3.0966 0.15299
3.101 0.151083
3.1054 0.149187
3.1098 0.147304
3.1142 0.145433
3.1186 0.143574
3.123 0.141728
3.1274 0.139893
3.1318 0.138071
3.1362 0.136262
3.1406 0.134465
3.145 0.132681
3.1494 0.130909
3.1538 0.12915
3.1582 0.127404
3.1626 0.12567
3.167 0.123949
3.1714 0.122242
3.1758 0.120547
3.1802 0.118865
3.1846 0.117196
3.189 0.11554
3.1934 0.113898
3.1978 0.112268
3.2022 0.110652
3.2066 0.109048
3.211 0.107458
3.2154 0.105882
3.2198 0.104318
3.2242 0.102768
3.2286 0.101231
3.233 0.0997078
3.2374 0.0981977
3.2418 0.096701
3.2462 0.0952177
3.2506 0.0937478
3.255 0.0922914
3.2594 0.0908483
3.2638 0.0894188
3.2682 0.0880026
3.2726 0.0866
3.277 0.0852107
3.2814 0.083835
3.2858 0.0824727
3.2902 0.0811238
3.2946 0.0797884
3.299 0.0784665
3.3034 0.0771579
3.3078 0.0758629
3.3122 0.0745812
3.3166 0.0733129
3.321 0.072058
3.3254 0.0708165
3.3298 0.0695883
3.3342 0.0683735
3.3386 0.067172
3.343 0.0659838
3.3474 0.0648088
3.3518 0.0636471
3.3562 0.0624986
3.3606 0.0613632
3.365 0.060241
3.3694 0.059132
3.3738 0.058036
3.3782 0.0569531
3.3826 0.0558831
3.387 0.0548262
3.3914 0.0537821
3.3958 0.052751
3.4002 0.0517327
3.4046 0.0507272
3.409 0.0497345
3.4134 0.0487545
3.4178 0.0477871
3.4222 0.0468324
3.4266 0.0458902
3.431 0.0449605
3.4354 0.0440432
3.4398 0.0431384
3.4442 0.0422459
3.4486 0.0413656
3.453 0.0404976
3.4574 0.0396418
3.4618 0.038798
3.4662 0.0379663
3.4706 0.0371465
3.475 0.0363387
3.4794 0.0355427
3.4838 0.0347585
3.4882 0.0339859
3.4926 0.033225
3.497 0.0324757
3.5014 0.0317378
3.5058 0.0310114
3.5102 0.0302963
3.5146 0.0295924
3.519 0.0288998
3.5234 0.0282182
3.5278 0.0275477
3.5322 0.0268882
3.5366 0.0262395
3.541 0.0256016
3.5454 0.0249744
3.5498 0.0243578
3.5542 0.0237518
3.5586 0.0231563
3.563 0.0225711
3.5674 0.0219962
3.5718 0.0214315
3.5762 0.0208769
3.5806 0.0203324
3.585 0.0197978
3.5894 0.019273
3.5938 0.018758
3.5982 0.0182526
3.6026 0.0177568
3.607 0.0172706
3.6114 0.0167937
3.6158 0.0163261
3.6202 0.0158676
3.6246 0.0154184
3.629 0.0149781
3.6334 0.0145467
3.6378 0.0141242
3.6422 0.0137104
3.6466 0.0133052
3.651 0.0129085
3.6554 0.0125203
3.6598 0.0121405
3.6642 0.0117688
3.6686 0.0114054
3.673 0.0110499
3.6774 0.0107024
3.6818 0.0103628
3.6862 0.0100309
3.6906 0.00970666
3.695 0.00938997
3.6994 0.00908073
3.7038 0.00877884
3.7082 0.00848421
3.7126 0.00819673
3.717 0.0079163
3.7214 0.00764283
3.7258 0.00737621
3.7302 0.00711634
3.7346 0.00686313
3.739 0.00661647
3.7434 0.00637627
3.7478 0.00614242
3.7522 0.00591483
3.7566 0.00569339
3.761 0.00547802
3.7654 0.0052686
3.7698 0.00506505
3.7742 0.00486725
3.7786 0.00467512
3.783 0.00448856
3.7874 0.00430746
3.7918 0.00413174
3.7962 0.00396129
3.8006 0.00379601
3.805 0.00363582
3.8094 0.00348061
3.8138 0.0033303
3.8182 0.00318478
3.8226 0.00304396
3.827 0.00290774
3.8314 0.00277604
3.8358 0.00264876
3.8402 0.0025258
3.8446 0.00240708
3.849 0.00229251
3.8534 0.00218198
3.8578 0.00207542
3.8622 0.00197273
3.8666 0.00187383
3.871 0.00177862
3.8754 0.00168702
3.8798 0.00159893
3.8842 0.00151429
3.8886 0.00143299
3.893 0.00135495
3.8974 0.0012801
3.9018 0.00120834
3.9062 0.0011396
3.9106 0.00107379
3.915 0.00101083
3.9194 0.000950645
3.9238 0.000893151
3.9282 0.000838272
3.9326 0.00078593
3.937 0.000736049
3.9414 0.000688553
3.9458 0.000643367
3.9502 0.000600419
3.9546 0.000559636
3.959 0.000520945
3.9634 0.000484276
3.9678 0.000449561
3.9722 0.000416729
3.9766 0.000385714
3.981 0.000356448
3.9854 0.000328867
3.9898 0.000302907
3.9942 0.000278503
3.9986 0.000255595
4.003 0.00023412
4.0074 0.000214019
4.0118 0.000195233
4.0162 0.000177704
4.0206 0.000161377
4.025 0.000146196
4.0294 0.000132106
4.0338 0.000119056
4.0382 0.000106992
4.0426 9.58662e-05
4.047 8.56276e-05
4.0514 7.62289e-05
4.0558 6.76232e-05
4.0602 5.97651e-05
4.0646 5.26105e-05
4.069 4.61165e-05
4.0734 4.02414e-05
4.0778 3.4945e-05
4.0822 3.01882e-05
4.0866 2.59333e-05
4.091 2.2144e-05
4.0954 1.87852e-05
4.0998 1.58232e-05
4.1042 1.32255e-05
4.1086 1.09612e-05
4.113 9.00046e-06
4.1174 7.31506e-06
4.1218 5.87799e-06
4.1262 4.66365e-06
4.1306 3.64781e-06
4.135 2.8076e-06
4.1394 2.12155e-06
4.1438 1.56958e-06
4.1482 1.13299e-06
4.1526 7.94487e-07
4.157 5.38153e-07
4.1614 3.4949e-07
4.1658 2.15395e-07
4.1702 1.24176e-07
4.1746 6.55457e-08
4.179 3.06279e-08
4.1834 1.1959e-08
4.1878 3.48917e-09
4.1922 5.83008e-10
4.1966 2.10484e-11
